% # columns="iteration, evaluation, void, void, void, xmean", seed=611588, Thu Apr 24 11:59:44 2025, <python>{}</python> # scaling_of_variables: 1, typical_x: 0
1 20 0 0 0 0.27431565141192327 0.05435145949091101
2 40 0 0 0 0.5947421474953966 0.2213373046528479
3 60 0 0 0 0.8163247139991971 0.5182052913811129
4 80 0 0 0 0.8995814718128069 0.5052961258938578
5 100 0 0 0 1.0301068785371341 0.6244753662752652
6 120 0 0 0 1.2131096568064221 0.6109527734427304
7 140 0 0 0 1.3082543190929583 0.5972877245615063
8 160 0 0 0 1.4990800287643096 0.6462241529902301
9 180 0 0 0 1.544634188366492 0.6203222671586532
10 200 0 0 0 1.6142514313772531 0.6244403446492577
11 220 0 0 0 1.6217651669612028 0.6540054717413766
12 240 0 0 0 1.630123204374253 0.6335807861502157
13 260 0 0 0 1.6175049332686176 0.6354126774804988
14 280 0 0 0 1.6232574612442126 0.6377143501289743
15 300 0 0 0 1.614280498305035 0.6386831825623591
16 320 0 0 0 1.6065933103249046 0.6319459659295624
17 340 0 0 0 1.6094753527001657 0.6331110200674399
18 360 0 0 0 1.611781311696475 0.635012375246158
19 380 0 0 0 1.611121436608187 0.6353607961504437
20 400 0 0 0 1.6118558119557516 0.635942129010481
21 420 0 0 0 1.6119452064432853 0.6351026904376694
22 440 0 0 0 1.6124175856171263 0.6354270655769236
23 460 0 0 0 1.6124862107126103 0.6356762931405848
24 480 0 0 0 1.6121759821481318 0.6353758315805412
25 500 0 0 0 1.612377064345637 0.6356701892536419
26 520 0 0 0 1.6123251339264082 0.6356164899857435
27 540 0 0 0 1.6122860563403005 0.6357423866744881
28 560 0 0 0 1.6123774404084121 0.6357192836588489
29 580 0 0 0 1.6122845661903744 0.6356865235518145
30 600 0 0 0 1.6122974055226067 0.635640259108378
31 620 0 0 0 1.6122147327899399 0.6356168013669472
32 640 0 0 0 1.6120251376013137 0.6354993552235989
33 660 0 0 0 1.6119907121595025 0.6355057615967123
34 680 0 0 0 1.6120683050142683 0.6354948942032534
35 700 0 0 0 1.6120466889620775 0.635515955220391
36 720 0 0 0 1.6121037186937652 0.635496410115023
37 740 0 0 0 1.6121761007864397 0.6355654860147377
38 760 0 0 0 1.6122008935640115 0.6355541365816548
39 780 0 0 0 1.61232399351006 0.6356414563881545
40 800 0 0 0 1.6122233943879674 0.635576959111572
41 820 0 0 0 1.6121456320463063 0.6355658929495341
42 840 0 0 0 1.6121815563874857 0.6356023747282646
43 860 0 0 0 1.612099405744901 0.6355982414530011
44 880 0 0 0 1.6121386472901393 0.6356276864149394
45 900 0 0 0 1.6122145110021784 0.6356197929345346
46 920 0 0 0 1.6121948840647038 0.6356368066693181
47 940 0 0 0 1.6122130896819638 0.6356445238788976
48 960 0 0 0 1.612192617159389 0.6356534885284273
49 980 0 0 0 1.6122358194505202 0.6356408539304984
50 1000 0 0 0 1.6123079057262724 0.6356323853597237
51 1020 0 0 0 1.6123420649468947 0.6356399987173703
52 1040 0 0 0 1.6123663806103823 0.6356225823950844
53 1060 0 0 0 1.6123949073607349 0.6356534669079337
54 1080 0 0 0 1.612363703897669 0.6356542894008448
55 1100 0 0 0 1.612357069162497 0.6356527060898662
56 1120 0 0 0 1.6123637337249874 0.635670131669386
57 1140 0 0 0 1.612386644401481 0.6356557193301994
58 1160 0 0 0 1.6123921301922395 0.635672093692208
59 1180 0 0 0 1.612400740231829 0.635679224918533
60 1200 0 0 0 1.612419969664085 0.6356834529547124
61 1220 0 0 0 1.6124500630578158 0.6356898946340449
62 1240 0 0 0 1.612438711807794 0.6356872617361342
63 1260 0 0 0 1.6124552664039162 0.6356955798871067
64 1280 0 0 0 1.6124632310373972 0.6357033377295175
65 1300 0 0 0 1.6124589642136093 0.6357007427864857
66 1320 0 0 0 1.6124680655365753 0.6357050917925582
67 1340 0 0 0 1.6124741984471485 0.6357097787017352
68 1360 0 0 0 1.6124710652162648 0.6357097105119853
69 1380 0 0 0 1.6124596557755027 0.6357011676330936
70 1400 0 0 0 1.6124672966649378 0.6357081623200721
71 1420 0 0 0 1.6124553830711075 0.6356996962861151
72 1440 0 0 0 1.6124649850668529 0.6357043255455573
73 1460 0 0 0 1.6124680745143705 0.6357060609091092
74 1480 0 0 0 1.6124491092814874 0.6356918316109915
75 1500 0 0 0 1.612471719746101 0.6357067855403239
76 1520 0 0 0 1.612483209877847 0.6357116120976651
77 1540 0 0 0 1.6124977421172126 0.6357239012473491
78 1560 0 0 0 1.6124995462468188 0.6357200658344031
79 1580 0 0 0 1.6124859982371356 0.635709653327922
80 1600 0 0 0 1.6124846092619824 0.6357066554977658
81 1620 0 0 0 1.6124659918540432 0.6356920529795952
82 1640 0 0 0 1.6124570739620714 0.635690593935516
83 1660 0 0 0 1.6124575915185482 0.6356928364155067
84 1680 0 0 0 1.6124552161183865 0.6356918070313542
85 1700 0 0 0 1.6124559608090612 0.6356906610527736
86 1720 0 0 0 1.612462279366895 0.6356962271301736
87 1740 0 0 0 1.6124630844661745 0.6356949759630363
88 1760 0 0 0 1.6124606522974037 0.6356931964986612
89 1780 0 0 0 1.612460191439235 0.6356923102360151
90 1800 0 0 0 1.612462747340322 0.6356938432289322
91 1820 0 0 0 1.6124621373245245 0.6356943517161276
92 1840 0 0 0 1.6124595327497313 0.6356910353529037
93 1860 0 0 0 1.6124585709688306 0.6356897443950117
94 1880 0 0 0 1.612459509022225 0.6356902947474637
95 1900 0 0 0 1.6124591145519378 0.6356902051815879
96 1920 0 0 0 1.6124584142981473 0.6356892666178117
97 1940 0 0 0 1.6124611319778817 0.6356919252568907
98 1960 0 0 0 1.612460939597627 0.6356916380851568
99 1980 0 0 0 1.612461469320899 0.6356916666028826
100 2000 0 0 0 1.6124623197714238 0.6356925298179268
101 2020 0 0 0 1.6124611811201341 0.6356916894302125
102 2040 0 0 0 1.612459995726336 0.635690784868485
103 2060 0 0 0 1.6124600009785561 0.635691040972495
104 2080 0 0 0 1.6124594736203428 0.6356902545444991
105 2100 0 0 0 1.6124589469603663 0.6356900067318443
106 2120 0 0 0 1.6124594444651306 0.6356906725837334
107 2140 0 0 0 1.612459268205341 0.6356909357931506
108 2160 0 0 0 1.6124594761804634 0.6356908384102321
109 2180 0 0 0 1.6124586743439195 0.6356900341507179
110 2200 0 0 0 1.6124599133975743 0.6356904486792639
111 2220 0 0 0 1.612459789533772 0.6356905730101609
112 2240 0 0 0 1.6124591785921583 0.635690915850895
113 2260 0 0 0 1.6124602191494035 0.6356922859700824
114 2280 0 0 0 1.612458427892072 0.6356913706966015
115 2300 0 0 0 1.6124581494593233 0.635691321507501
116 2320 0 0 0 1.6124584255197065 0.6356911893704152
117 2340 0 0 0 1.612458337150795 0.6356907870442529
118 2360 0 0 0 1.612457006379771 0.6356895052087916
119 2380 0 0 0 1.6124579289153504 0.6356907144170264
120 2400 0 0 0 1.6124595505639325 0.6356917651998324
121 2420 0 0 0 1.6124602714600833 0.6356929910385896
122 2440 0 0 0 1.6124615755104013 0.6356946032867138
123 2460 0 0 0 1.612460215033085 0.6356932145831312
124 2480 0 0 0 1.6124591779696897 0.635692120796173
125 2500 0 0 0 1.6124579281983864 0.6356913444086207
126 2520 0 0 0 1.612455597267318 0.6356912108275451
127 2540 0 0 0 1.6124544933594525 0.6356934208941338
128 2560 0 0 0 1.6124535629461245 0.6356933966453882
129 2580 0 0 0 1.6124518798266223 0.6356912428136652
130 2600 0 0 0 1.6124542156884087 0.6356915605378975
131 2620 0 0 0 1.6124529994235073 0.6356908492182799
132 2640 0 0 0 1.6124534857142412 0.6356922432387412
133 2660 0 0 0 1.6124536189884262 0.6356926416462918
134 2680 0 0 0 1.6124534537337438 0.6356924146447912
135 2700 0 0 0 1.6124540341091378 0.6356923550916792
136 2720 0 0 0 1.6124538742584371 0.6356924111249519
137 2740 0 0 0 1.6124542209837385 0.635692319159097
138 2760 0 0 0 1.6124541591263322 0.6356925259058136
139 2780 0 0 0 1.6124546223824499 0.6356930206333885
140 2800 0 0 0 1.612454780580965 0.6356929853473665
141 2820 0 0 0 1.6124549491244569 0.6356931821145647
142 2840 0 0 0 1.6124551081471814 0.6356932163768412
143 2860 0 0 0 1.6124551482907126 0.6356931799970598
144 2880 0 0 0 1.612455199249766 0.6356932532733152
145 2900 0 0 0 1.6124552531841803 0.6356933572306469
146 2920 0 0 0 1.6124552962367118 0.6356932339646216
147 2940 0 0 0 1.61245520198562 0.6356932221411511
148 2960 0 0 0 1.6124552516470756 0.6356932196653166
149 2980 0 0 0 1.612455234834511 0.6356932160260449
150 3000 0 0 0 1.6124552526794176 0.6356931335229025
151 3020 0 0 0 1.6124552534692858 0.6356931084577019
152 3040 0 0 0 1.612455245102771 0.6356931072979364
153 3060 0 0 0 1.6124552304673663 0.6356930564154222
154 3080 0 0 0 1.6124552553644103 0.6356930053940482
155 3100 0 0 0 1.6124552206616678 0.6356929188963483
156 3120 0 0 0 1.6124551923135326 0.6356928363789605
157 3140 0 0 0 1.612455188077672 0.6356926798844866
158 3160 0 0 0 1.612455234994539 0.6356928428157876
159 3180 0 0 0 1.6124552338146905 0.6356928768564043
160 3200 0 0 0 1.6124552346316243 0.635692904122169
161 3220 0 0 0 1.612455249346881 0.6356928490377087
162 3240 0 0 0 1.6124552717136955 0.6356928685508464
162 3240 0 0 0 1.6124552717136955 0.6356928685508464
